# gibbss_mc -m A3.mat.lmer -onlymat -swt 1 -wlc 200 -l 9 -- 

Last position-specific scoring matrix computed       
            A       R       N       D       C       Q       E       G       H       I       L       K       M       F       P       S       T       W       Y       V 
  1 A   1.109   1.412  -1.340   0.576  -3.322   0.659   2.496  -1.171  -0.509  -1.261  -1.716   0.342   0.822  -2.354  -2.801   1.482   0.874  -3.441  -0.231  -2.395 
  2 A  -0.218  -3.146  -3.014  -3.573  -0.501  -0.135  -2.933  -2.955  -3.208   1.356   1.074  -2.842  -0.709  -0.605  -1.535   0.630   2.204  -3.116   0.758   2.809 
  3 A   0.734  -0.397  -0.856  -2.072  -0.056  -0.395  -2.253  -0.124  -1.453   1.546  -0.477  -1.682   2.074   2.050   0.322  -0.880  -1.741  -2.481   2.098  -0.150 
  4 A  -0.103  -0.363  -0.244   2.152  -1.638  -0.541   0.174   0.613  -0.735  -1.363  -0.733  -0.653  -0.462  -2.181   3.114   0.261  -0.573  -2.801  -0.274  -0.853 
  5 A  -0.211   0.564  -0.729  -0.365  -0.923  -0.771  -0.825   1.196  -2.815   0.279  -0.584  -0.164  -1.284  -0.450   2.535   0.398  -0.321   0.313  -1.471   0.018 
  6 A   0.062   0.403  -1.251  -1.538  -1.327  -0.722  -1.122   0.316  -0.222   0.191  -0.518   0.142   0.561  -0.512   2.281   0.527   0.605   0.618  -0.574  -0.018 
  7 A   0.294  -0.791  -1.510  -2.464  -3.017  -0.243  -1.462  -0.507   1.356   0.637   0.172   0.007  -0.344   0.953   0.451  -0.701   1.077  -3.090   0.115   1.309 
  8 A  -1.198   1.136  -1.017  -1.806  -3.354   1.148   0.317  -0.863   1.511  -0.064   0.248   0.989  -0.998  -0.503  -0.863   0.247   0.933  -0.155  -0.163   0.219 
  9 A  -2.520   5.066  -1.852  -2.670  -4.498  -0.396  -1.171  -3.407  -0.977  -3.235  -2.692   4.644  -2.588  -2.456  -2.953  -1.936  -2.343  -3.376   0.176  -3.018 
