# gibbss_mc -m A2.mat.lmer -onlymat -swt 1 -wlc 200 -l 9 -- 

Last position-specific scoring matrix computed       
            A       R       N       D       C       Q       E       G       H       I       L       K       M       F       P       S       T       W       Y       V 
  1 A   0.762  -0.313  -1.780  -2.533  -1.754  -1.597  -1.570   0.169  -0.960  -0.490  -0.034   0.157   0.096   1.608  -2.091   1.766  -0.233  -1.182   1.776   0.451 
  2 A  -1.310  -4.693  -5.403  -5.308  -2.279  -3.054  -4.408  -3.648  -5.058   1.366   4.636  -4.160   3.007  -2.183  -5.226  -3.882  -1.155  -4.435  -2.475   0.467 
  3 A   0.742  -1.893  -0.544   0.995  -1.270  -1.428  -2.007  -0.161  -0.531  -0.772   0.977  -2.736  -0.001   1.166   0.405  -0.190   0.253   2.254   1.419  -0.336 
  4 A   0.089  -0.505  -0.357   2.747  -2.624  -0.384   1.014   1.734  -1.599  -0.843  -1.740  -1.311  -1.096  -1.884   2.420   0.020  -0.675  -0.207  -4.050  -1.548 
  5 A  -0.556  -0.190  -0.079  -0.699  -2.528  -0.391  -0.904   1.967   0.284  -0.996  -0.643  -0.323  -1.755   0.647   0.777  -1.282   0.322   0.114   0.688   0.884 
  6 A  -1.001  -1.832  -1.046  -1.326  -0.701  -0.525  -1.126  -0.461  -1.288   1.465   0.871  -1.049  -0.479   0.307   0.499   0.088   0.685  -0.557  -0.391   1.467 
  7 A   0.558  -2.602  -1.145  -1.729   0.199   0.391  -0.710  -1.814   0.949   0.530   0.789  -2.414   0.415   0.725   1.708  -0.412   0.358   1.779  -0.273   0.556 
  8 A  -0.388   0.782  -0.962  -2.749  -0.950   0.667   0.932  -0.692  -0.323  -1.300  -0.143  -0.066  -0.006   0.962  -0.666   1.076   1.357  -0.127   1.365  -0.911 
  9 A  -0.140  -4.755  -5.321  -5.641  -1.912  -1.658  -4.813  -4.821  -5.324   0.944   2.800  -3.677  -0.521  -3.029  -5.022  -3.606  -1.644  -4.772  -2.562   4.665 
