# gibbss_mc -m A24.mat.lmer -onlymat -swt 1 -wlc 200 -l 9 -- 

Last position-specific scoring matrix computed       
            A       R       N       D       C       Q       E       G       H       I       L       K       M       F       P       S       T       W       Y       V 
  1 A   2.320  -0.339  -0.444   0.922  -0.803   0.944  -0.425  -0.210  -0.750  -0.831  -1.930  -0.295  -1.803  -2.426  -2.310   0.812   1.176  -2.913   0.524   0.017 
  2 A  -0.541  -2.721  -2.667  -3.394  -1.033  -1.458  -2.613  -3.304  -0.678  -0.786  -0.923  -2.552  -0.536   2.618  -1.786  -0.086   0.719   1.291   5.781   0.781 
  3 A   0.683  -2.221  -0.667   0.795   0.124   1.074  -1.537  -1.351  -0.788  -0.273  -0.029  -1.381   1.343   0.298   1.742   0.656   0.099  -2.545   1.159  -0.313 
  4 A  -0.866  -0.267   0.511   1.548  -0.054   0.809   0.101  -0.165  -1.162  -1.217  -0.633  -0.988  -0.903  -0.277   2.249   0.913  -1.513   1.416   0.907  -0.858 
  5 A  -0.007   0.412   0.353  -0.446  -0.018   0.457  -1.207  -0.426  -0.402  -0.558   0.083  -0.746  -1.343   0.814   1.615   0.505   0.188  -2.797  -0.193   0.126 
  6 A   0.076  -0.467  -0.246  -1.526   0.584   0.157  -0.198  -0.580   1.115  -1.255  -0.485  -0.012  -0.232   0.468   1.845   0.702  -0.463   1.447   0.679   0.082 
  7 A   0.099  -0.189   0.229  -0.906  -2.812   0.250  -0.311   0.139   1.216  -0.849  -0.088   0.866   0.950   0.796  -0.505   0.417  -0.274   0.014  -0.934  -0.063 
  8 A  -1.138  -0.465   0.125   0.959  -1.144  -0.164   0.632  -0.087  -0.007  -0.901  -0.144   0.626   0.238   1.100  -1.912   0.389  -0.152   0.133   0.683  -0.128 
  9 A  -2.190   0.695  -2.424  -2.934  -3.136  -1.181  -1.706  -3.402  -2.290   0.740   1.511   3.566  -0.026   2.862  -3.003  -2.156  -2.000   0.212  -0.800  -0.862 
